ID	HeatJan	CoolJuly	HeatTotal	CoolTotal	zone_area	bldg_height	op_S_area	op_E_area	op_N_area	op_W_area	gl_S_area	gl_E_area	gl_N_area	gl_W_area	roof_op_area	op_belowgrade_area	bldg_mass_type	roof_op_uValue	op_uValue	gl_uValue	gl_solar_trans	zone_occ_density	zone_occ_metabolic_rate	zone_app_heat_flow_rate	zone_light_heat_flow_rate	zone_freshair_per_occ	totalocc	totalapp	totallight	avgOccWeek	avgAppWeek	avgLightWeek
1	5.76	24.84	14.87	5.3	4475	19.51	371.4542248	647.3390924	407.5935074	601.2591846	69.73302182	125.9765222	33.59373926	172.0564301	624.9	328.4	1	0.296476	0.927276	0.84	0.64	11.00523758	114.5652161	19.57839012	12.47936821	11.36471176	94.88626608	74.98630608	105.3169966	0.268052292	0.294937766	0.737389255
2	11.45	21.15	30.88	27.74	1492.022822	5	164.5405741	154.33053	183.1118918	75.40939757	43.47862272	0	82.38641587	80.71416115	1378.681114	123.2637535	3	0.100928	0.797962	3.65864	0.76	6.245438576	162.3840485	15.82169533	7.846120834	14.37889862	48.59062303	52.17230951	22.04815601	0.255304384	0.758230317	0.272365117
3	0	22.91	0	0	16127.96774	15.8	1312.487698	568.6873788	413.0654964	241.1670015	547.9235493	491.958758	718.4284986	53.02905523	3651.349601	737.845234	4	0.25232	0.293322	1.018742	0.76	8.767068863	99.93481445	5.085031986	26.28267288	11.9943924	52.27738526	126.2102643	93.98066257	0.712602711	0.426227915	0.083234227
4	11.8	29.58	28.76	19.88	522.3937939	23	67.43831674	0	57.5998848	267.5793358	9.048756096	0	3.279477312	16.43454778	137.552241	50.31628646	4	0.135622	1.488688	2.61782	0.73	6.241821289	159.2432861	10.23125362	20.46175766	12.73505688	56.01951212	51.29613827	114.2509919	0.338689947	0.365202534	0.380061746
5	0.02	23.92	0.02	0	581.3872243	12.8	94.9933584	193.5170323	98.66302848	0	11.28771936	13.09932864	7.61804928	0	140.9710729	36.17644378	4	0.123006	0.239704	1.54546	0.39	6.160721779	176.9152832	19.55583191	19.31586838	13.25464153	23.85186998	79.64268794	122.9226274	0.325082207	0.116566028	0.465111613
6	0.68	18.96	1.02	1.52	580.0865818	12.8	94.9933584	0	97.26948288	325.6251552	11.28771936	0	9.01159488	13.65674688	140.9710729	55.64892096	4	0.123006	0.239704	1.54546	0.39	12.91226006	166.480484	4.302477837	31.00601578	14.82115078	60.39944812	93.64966878	69.74479135	0.80919404	0.320194161	0.042978603
7	3.43	33.47	7.08	2.37	1204.580817	6.4	83.82641299	240.8046797	86.45463999	223.4782627	21.6733502	5.38930535	19.0451232	22.71479328	319.8586635	150.2242157	4	0.085158	0.987202	3.504094	0.73	11.61051178	103.2361221	16.92877579	28.39047623	11.05122185	124.2005908	144.5244201	81.18194226	0.627463436	0.639653552	0.935072964
8	6.08	17.93	13.52	11.87	1207.367908	6.4	83.82641299	240.8046797	86.45463999	223.4782627	21.6733502	5.38930535	19.0451232	22.71479328	294.8	150.2242157	4	0.085158	0.987202	3.504094	0.73	12.67326069	91.59076691	9.121795654	16.99353981	11.89450264	72.06131128	126.9238886	46.7076074	0.41847682	0.817307331	0.593846726
9	9.93	21.06	27.66	18.14	404.7785453	4.88	106.5597869	140.0699134	107.4888173	140.9060408	15.05029248	0	14.12126208	0	202.3892726	0	2	1.13544	0.517256	2.39704	0.68	13.15012932	104.9080582	15.56372833	5.47426796	13.86802101	89.48920666	90.89632653	36.52287277	0.083312774	0.186828101	0.263671374
10	0.92	31.61	1.62	0.04	1412.590723	8.53	145.8577728	248.7478896	138.3326266	248.7478896	19.5096384	37.3934736	27.03478464	37.3934736	302.7338461	293.4807034	4	0.208164	0.517256	3.65864	0.63	9.800700188	107.8504868	19.44750595	28.59523201	11.54056358	58.85781511	72.48474492	120.9824223	0.302573442	0.701188767	0.639192891
11	5	23.72	10.65	7.2	597.5523533	8.53	60.06646051	0	52.89899098	241.1902273	19.2773808	0	17.00125632	34.18831872	137.7752083	145.0495164	4	0.123006	0.769576	2.64936	0.56	9.922641754	111.2230988	12.74242878	12.69127083	10.26704979	70.08300031	89.67162522	113.1399485	0.31169672	0.931123921	0.719446921
12	7.68	22.07	17.61	14.39	1241.37042	8.53	119.5662125	253.9040083	105.6307565	254.3685235	23.6902752	26.0128512	37.6257312	25.548336	277.7707993	298.8690797	4	0.728574	0.769576	3.65864	0.76	12.92983437	159.3172607	4.209786415	23.638237	10.17290592	83.88128427	80.94050931	60.2366135	0.631894064	0.357855809	0.635305047
13	7.61	37.07	17.6	7.48	1141.313846	8.53	161.6206316	198.7196026	147.2513184	196.9823157	50.6321568	24.6193056	18.95222016	25.26962688	335.3613938	467.3022912	4	0.876812	0.763268	3.75326	0.64	7.680491447	159.7544708	13.1684885	27.32175446	11.38844395	76.98093847	129.2093202	93.72686065	0.359369087	0.801260817	0.777599788
14	2.75	20.68	4.9	3.56	8126.693424	26.8	513.1034899	1181.44796	504.9280224	1171.07998	14.58577728	20.84744218	7.80385536	31.27116326	1244.900736	269.511719	4	0.296476	0.797962	3.65864	0.65	12.55529022	95.82998657	11.01068592	32.60595703	10.53323078	118.0047656	145.0050665	38.66252419	0.761223841	0.932308501	0.4752496
15	2.36	26.35	4.45	2.51	4122.014982	14.9	255.8363916	283.0569823	284.6270436	590.5288835	163.9924462	120.7367908	169.7570798	39.15398621	1007.626372	32.03296819	4	0.145084	0.356402	3.504094	0.86	14.2854929	171.3566742	19.46739769	16.80224609	13.45046616	110.4075998	93.22425812	43.96739973	0.428583813	0.514808047	0.57338388
16	3.12	28.88	5.67	1.62	11673.73149	32.9	1694.969513	2346.591436	844.0937957	2198.248507	286.0252344	319.1916197	158.6319408	395.999208	2059.539623	1087.801695	4	0.271244	0.69388	2.39704	0.68	12.53107357	168.0087433	4.624132156	23.63803864	14.19136047	77.25454601	20.26080643	141.619351	0.824562231	0.181752026	0.711467957
17	2.7	17.89	4.99	3.82	10554.24986	7.92	820.937713	750.0944998	770.9976838	907.9414099	24.387048	54.30182688	60.02465414	31.50342086	2822.422226	1495.088623	4	0.25232	1.062898	3.466246	0.89	8.208839417	175.1654663	3.686517715	13.72551537	10.24950409	52.41395152	110.7451652	109.4837042	0.513188553	0.150483157	0.058512074
18	15.67	25.45	44.68	32.46	8153.821112	11	1531.536343	823.0559023	1519.568574	867.2777493	32.25593549	44.22184704	44.22184704	0	3421.145158	2580.49342	3	0.227088	0.230242	2.39704	0.68	7.570561409	172.2549133	9.495923996	7.530378342	14.04524612	154.4532757	55.41852025	54.2420338	0.896778297	0.510895264	0.305776525
19	13.71	34.53	35.13	24.05	7333.115656	13.9	1064.24613	671.7633016	831.1895634	508.764918	216.8635663	147.9388009	143.6373901	81.9776425	1590.983141	770.2591046	4	1.1039	1.24583	0.7885	0.58	6.031095505	173.5978088	11.79508877	10.84058952	10.66006851	136.5191873	117.0332245	12.83015043	0.691405964	0.929894106	0.119214916
20	2.02	14.84	3.15	3.99	38176.83203	53.34	1607.937016	3395.945208	1841.09206	4235.013878	592.2989651	2171.864043	359.1433643	1332.795373	3376.310151	1691.129831	4	1.731546	0.186086	1.8924	0.53	14.74650955	125.7511215	5.243739128	22.7351265	11.82096004	115.2124358	63.82488024	19.37244267	0.212744665	0.971269289	0.179366708
21	0.43	20.12	0.59	0.07	16051.41564	40.2	1874.021542	868.643424	1782.697854	860.5887304	647.1718669	145.7834504	599.5962202	113.285967	922.6015096	1012.921845	4	0.227088	0.801116	3.65864	0.65	12.94220448	97.35195923	21.18422318	6.05273819	11.13479519	10.63325936	136.1704298	43.03381103	0.13568078	0.842502113	0.329687572
22	16.78	29.41	45.22	32.01	747.869472	4.3	213.3518314	107.5631397	241.2041628	106.2717875	29.60819885	0	24.67504742	0	81.55028851	0	4	2.009098	2.009098	2.53	0.63	14.991045	131.4612274	12.15712643	30.36068344	10.57270336	97.49725069	17.46012897	86.87015499	0.577462626	0.188157095	0.312804914
23	4.71	13.59	10	9.99	2288.759293	6.71	173.4128145	186.0476279	173.3570726	186.0476279	96.57271008	27.30420346	96.6284519	27.30420346	530.188359	277.2226714	4	0.11039	1.081822	3.28016	0.73	9.241481781	120.4074097	7.166907787	17.42348862	13.20444679	17.07908164	108.2645187	18.9671404	0.119277361	0.865929727	0.216035628
24	7.1	24.78	19.7	6.73	3915.212815	11.3	501.1375784	390.2578001	468.3706762	369.3174549	9.401787648	57.74852966	8.305531776	71.05224499	596.4003556	389.3008988	1	0.39425	1.11967	3.466246	0.63	11.59567356	153.1303406	5.69751358	19.17169571	12.18279839	92.15767971	63.94190472	134.9033692	0.03683261	0.372964871	0.646032548
26	5.15	25.34	10.78	7.02	2103.789341	12.8	309.5250584	266.4459187	167.9501157	374.6500894	86.1675696	108.2041707	73.52346586	0	505.8198916	191.7890358	4	0.387942	0.529872	3.466246	0.89	8.837617874	165.0249023	9.47800827	8.170610428	10.977911	77.32214407	57.98201588	149.9487031	0.585585785	0.790384161	0.926190853
27	13.89	36.04	41.11	19.31	543.8543962	10.7	80.88138662	123.3287856	95.51361542	120.6160168	6.819083136	7.887468096	15.89571014	11.19481632	185.3880163	151.0417624	1	0.592952	0.176624	2.64936	0.64	7.71127224	150.2848358	20.99819946	20.58905983	14.86169624	132.1070719	105.6829596	64.70965313	0.536613512	0.718599808	0.578366017
28	10.19	22.34	28.72	23.21	4450.520131	8.23	446.9286545	571.0749869	84.71828218	559.1741075	54.65485843	58.23162547	65.43161107	76.95158803	1506.478535	565.6773203	2	0.227088	0.842118	3.28016	0.73	9.748680115	126.7464371	8.774261475	21.66812897	13.64219856	103.9843044	103.8199529	51.65205711	0.210428587	0.350641596	0.793812919
29	0.22	34.01	0.37	0	3694.382289	9.144	398.6469446	195.189287	373.4702208	198.3201195	133.3158624	7.24643712	146.8797062	9.66191616	707.530972	251.1819492	4	0.387942	0.668648	3.65864	0.76	10.84809685	123.2323303	10.36436176	33.68992615	10.64796925	65.97369055	66.95249356	142.6012773	0.187491751	0.535593998	0.957965267
30	0.26	20.9	0.37	0.01	21739.12555	25.29	3389.908369	977.4226645	2862.355669	866.0131531	442.6179535	224.8067762	970.1678661	336.2161018	2233.906552	1183.764961	4	0.201856	0.261782	1.517074	0.48	7.602110863	99.39524078	12.13428211	16.44631958	12.96244526	113.6675767	103.650779	57.20189422	0.134305358	0.078670979	0.627624965
31	5.86	21.14	15.12	6.98	10549.60471	12.19	1040.170307	535.781122	1040.170307	535.781122	208.6137763	107.5910106	208.6137763	107.5910106	1810.08567	1171.69314	2	0.29963	0.611876	1.54546	0.73	10.37577438	158.0617065	4.773049355	10.20769501	12.90831852	105.683681	96.43136586	132.083487	0.414160395	0.284591973	0.484491086
32	9.24	25.81	22.29	17.81	1583.903929	11.28	112.8864839	272.9770024	154.1725949	288.4639392	26.74678522	47.57564678	7.971080832	35.5354128	323.878578	243.8240285	4	0.592952	0.943046	1.54546	0.73	9.134725571	150.0758209	5.558557034	31.1917038	10.78191471	125.053462	125.7611929	29.53873169	0.438295269	0.592704928	0.168599486
34	8.41	24.06	19.9	17.33	21238.56397	15.39	1133.983797	971.3384444	1647.570382	539.1627926	716.4682445	326.3869601	603.228729	372.9964153	3944.467982	2415.47904	4	0.14193	0.432098	3.65864	0.74	9.023309708	111.6430435	9.373189926	19.53201294	13.83756638	120.6081084	65.26293591	78.42167743	0.3307796	0.623113263	0.353790498
35	6.15	15.91	13.11	12.28	14312.36363	17.37	1398.933976	323.3954822	1393.592052	741.8307744	105.9094656	21.8322144	111.2513904	67.72631616	2021.755956	751.7713997	4	0.195548	0.438406	1.98702	0.52	9.692714691	94.17390442	20.46945	19.74705315	11.52199173	124.822657	32.07781512	45.53229812	0.846207368	0.052284729	0.18636539
37	3.64	19.33	7.05	4.99	1972.05283	13.71	428.0228859	180.1482849	143.6466804	185.9825958	107.2286888	30.28639104	16.58319264	24.45208013	340.0994488	0	4	0.29963	1.189058	3.504094	0.86	9.37908268	106.6277466	12.98558235	23.70877647	11.95866394	34.04217149	88.65306309	32.95119365	0.535884523	0.455552399	0.013317829
38	14.46	35.88	36.16	22.9	5666.620925	21.95	1303.615457	577.4574257	1573.916852	727.9231893	142.6990694	59.82955776	173.7286848	96.80496768	1254.971426	0	4	1.741008	0.70965	2.39704	0.56	6.731645584	170.3564911	10.21119881	16.11139488	14.68218994	103.2367982	133.4803902	99.81519037	0.867670155	0.956352428	0.159926581
39	8.83	23.39	20.49	15.25	746.8475386	4.88	123.4309789	111.8924214	151.3018909	111.8552602	27.870912	0	0	0	746.8754095	0	4	0.886274	0.261782	3.65864	0.76	9.390846252	126.44841	16.60290527	12.44013596	14.62268448	51.26356866	119.4701068	17.50809126	0.662385321	0.433178914	0.108945107
40	1.12	33.74	2.26	0.03	4307.728159	9.45	290.7400637	271.6299084	228.2348984	185.4809194	176.8409366	26.83039795	309.0326723	15.27325978	1384.877746	491.8937259	3	0.135622	0.943046	1.54546	0.73	13.31646061	95.57183075	11.54991817	29.43999863	12.34014416	95.48800787	116.3341353	130.2306188	0.280296135	0.261526549	0.949909997
41	12.42	39.41	30.83	21.62	6254.232653	13.72	209.7100322	463.2888799	253.2629773	326.1268316	33.47296531	688.3093331	0	812.7622454	727.9324796	533.9880933	4	0.176624	0.422636	3.65864	0.76	6.865728378	150.3189087	4.889704704	18.08449173	10.50882626	138.4531425	83.84492635	62.24259089	0.577567148	0.754137337	0.152868909
42	2.05	27.82	3.98	1.15	11149.38673	12.19	1500.746418	1019.137058	1395.422241	1019.137058	190.3954902	111.9481632	381.942978	111.9481632	2263.28528	612.3239366	4	0.533026	0.07885	3.28016	0.73	8.62147522	100.0494003	21.17359543	29.04439163	11.65161705	101.1945032	73.97761048	72.70331405	0.209386349	0.357947314	0.09843421
43	7.2	17.13	16.41	15.21	2125.249943	10.67	102.2397955	158.5854893	105.4449504	157.4892334	19.89054086	27.68510592	13.2479735	23.24434061	288.9005835	210.4904177	4	1.409838	1.141748	2.64936	0.64	12.97023487	108.2343674	12.68241119	10.65648842	12.12441444	102.4554242	38.71558331	102.3087792	0.833090162	0.513447201	0.690991807
44	4.35	14.29	8.64	9.63	6234.537208	18.29	303.5792638	1063.080196	620.0255987	983.304356	19.22163898	171.0902385	38.0809561	148.951444	1306.095968	0	4	0.29963	0.826348	3.504094	0.86	14.43037987	162.2999573	5.192092896	19.39234352	12.35049629	43.42371875	86.72429894	32.26031609	0.054429397	0.69530741	0.246045947
45	0.14	44.53	0.19	0	9382.27801	27.43	574.7074957	549.4843204	574.7074957	549.4843204	541.5225299	454.5095426	541.5	454.5095426	855.1817735	574.103626	4	0.135622	0.892582	1.54546	0.73	11.73024273	105.971138	20.48932266	32.82702637	13.30489922	57.14885467	94.10383061	145.8378417	0.764989519	0.153003037	0.880301404
46	2.8	18.54	5.03	4.76	3737.860911	29.26	485.325481	283.4007235	490.6209542	281.0967281	88.53659712	64.14954912	211.447319	11.26913875	1869	0	4	0.25232	0.39425	2.39704	0.56	9.636241913	144.1154785	3.637150288	25.10787964	14.24879265	46.79132677	97.52934922	67.75778908	0.105182317	0.651438868	0.420327353
48	8.03	25.64	18.84	14.12	4256.569242	9.45	415.2394276	855.7670627	430.4012037	928.4079496	37.80224698	92.63362118	31.33619539	8.649273024	2061.100394	0	4	0.753806	0.984048	3.18554	0.89	9.531007767	110.086853	20.99061584	34.92325592	11.71385288	80.19298211	15.23077242	67.61548923	0.143991777	0.073566732	0.256961846
49	9.8	27.51	24.04	19.51	3137.61437	6.71	495.4612026	444.5224658	335.6586835	125.539878	114.967512	51.20815565	257.1370341	51.20815565	1001.77348	590.6403671	4	0.277552	0.697034	3.65864	0.76	6.741503716	105.5692139	6.962380409	15.97127533	14.73664188	61.42617162	117.897661	117.0906097	0.180793953	0.45104872	0.906224906
50	2.31	16.11	4.03	3.67	4086.340214	15.24	377.0488459	23.82312655	380.6692774	293.4574776	172.5655387	0	168.9451073	100.1095288	154.4977555	258.2704512	4	0.223934	0.861042	3.65864	0.65	12.61715698	172.9203644	9.53834343	9.928573608	11.34297657	40.98803827	102.5266509	59.1946661	0.373932886	0.774805748	0.93124916
51	13.32	25.77	34.28	28.46	801.4745261	7.32	82.75338288	206.1332652	82.63725408	214.8568606	5.555601792	31.38264691	11.98449216	11.3806224	245.2082838	25.20459475	4	0.980894	0.728574	2.64936	0.64	11.35798073	170.0156555	3.543271542	11.91905212	11.28230667	159.2484201	52.25066665	71.48738731	0.959702352	0.078039828	0.428463531
52	5.2	21.51	10.84	8.12	22173.9861	76.51	2192.678969	2679.128577	1701.351952	2583.391994	2091.730526	615.0274151	2583.057544	710.7639978	1283.446207	0	3	0.318554	0.460484	1.841936	0.58	13.59269619	117.5917969	12.65642738	8.482625961	10.01209259	77.45073847	52.84074048	103.2431529	0.794922209	0.275216687	0.862211829
53	14.44	26.83	36.06	31.61	28930.65698	76.5	2192.604647	2679.128577	1701.351952	2583.391994	2091.730526	615.0274151	2583.057544	710.7361269	1283.446207	0	4	0.318554	0.460484	1.841936	0.58	8.706863403	119.0905533	8.177186966	8.043981552	13.93217468	145.2155459	92.4032647	98.48174576	0.877093887	0.763906729	0.742201114
54	1.77	31.43	3.51	1.52	5120.443953	12.8	914.3795906	461.0220457	857.978155	464.1435878	127.1842618	69.55650605	208.6416472	57.48840115	1381.449624	500.5058377	3	0.64657	0.6308	3.65864	0.65	13.92100239	123.0025177	21.54067039	33.88131332	11.86915207	54.44868317	88.01026219	88.10154341	0.830178499	0.192201722	0.099018258
55	2.29	25.22	5.17	0.11	11779.36225	11.13	935.8123219	124.0255584	827.0228621	560.4840403	265.5633398	342.0689933	219.4369805	51.3289296	2707.844907	1023.791501	2	0.12616	1.8924	2.39704	0.68	13.1187191	157.7108765	14.58336544	19.59508896	12.81075668	123.4100984	17.15612139	126.699022	0.741395283	0.116954562	0.381265235
56	6.67	37.49	16.35	3.92	10451.592	12.5	970.0099309	569.4120225	975.1381788	569.4120225	270.1806209	115.4227369	265.0523731	115.4227369	3533.567126	1198.802248	3	0.495178	0.760114	3.4694	0.89	10.42483139	138.835144	20.55874825	27.07678604	14.89022827	125.0430747	91.20357541	106.6021027	0.737611914	0.702030385	0.718796945
58	9.02	18.55	21.1	20.36	5122.580723	21.03	443.9650476	820.1294565	462.5549459	830.0700818	62.52374592	184.7562756	43.93384762	174.8156504	1699.651826	0	4	0.119852	0.608722	2.39704	0.56	9.533490181	149.0749054	4.902918816	6.977649689	10.62068844	121.1739057	90.50385598	15.92789276	0.638469505	0.369037688	0.050520009
59	9.3	20.2	26.12	13.8	8894.629953	10.06	877.933728	210.7040947	877.933728	210.7040947	134.2263122	52.67602368	134.2263122	52.67602368	2209.039195	1403.281839	1	0.135622	1.911324	1.54546	0.73	8.786310196	110.5535507	15.75021267	31.67744064	13.37951946	60.55311348	116.8223528	18.74460964	0.809507608	0.95711754	0.21683476
60	4.39	23.79	9.29	4.01	30647.13354	45.72	3327.981989	4508.658854	3413.963753	4328.315472	481.7022624	740.901744	475.2269205	719.6548188	6207.901907	2862.965113	3	0.129314	0.466792	1.577	0.58	12.0004921	109.6620941	16.19883728	10.75318527	10.14273357	132.8604725	97.13837403	106.2846209	0.715289211	0.597269976	0.498263717
61	0.14	27.33	0.23	0	10222.4002	8.53	727.5144159	486.2916726	263.1478608	486.2916726	185.2951133	81.2808697	100.8462499	81.2808697	3452.98303	0	3	0.151392	0.876812	3.18554	0.89	10.04694366	114.4028473	6.326488495	28.94792557	10.46935081	52.29170984	65.29840299	140.5871352	0.37252574	0.140943947	0.628724504
62	0.42	16.67	0.74	0.12	6845.18889	7.3152	1212.756284	649.5780557	1212.756284	649.5780557	38.83347072	18.39480192	38.83347072	18.39480192	4086.572472	0	3	0.123006	0.217626	3.65864	0.65	14.1784153	164.2332001	16.95598221	16.63946724	11.7357769	68.28971308	86.90896002	49.6646758	0.203202057	0.893296358	0.052343649
63	14.77	34.94	43.93	23.78	2323.133418	10.67	395.1259194	417.3761975	559.3692038	491.6428877	166.7237956	110.6103594	2.480511168	36.34366925	1238.871329	864.2769811	1	0.135622	0.66234	1.35622	0.73	6.107611656	132.4093933	13.17087555	12.80913734	10.6201725	116.1963191	127.7473578	64.96020855	0.537701464	0.804398453	0.553782582
64	4.92	27.77	11.47	3.35	6991.604081	12.8	1375.039314	1442.719179	1408.986085	1523.201083	45.92197267	54.22750445	47.3898407	52.60170125	1890.679057	703.0437552	3	0.230242	0.529872	3.504094	0.64	11.83532715	140.8302307	11.58109379	30.51052094	10.83683205	137.4939313	65.74890183	84.47100624	0.767930698	0.484853327	0.448990226
65	10.24	26.6	26.57	19.54	1212.570478	6.4	136.8601134	166.5472798	148.9049925	133.6596036	37.88585971	32.71580554	24.61466045	49.26183696	291.5947716	210.193128	3	1.633772	0.753806	3.28016	0.86	11.22856712	97.3808136	12.33855152	34.83822632	12.12055683	77.13101877	101.7694308	28.23136643	0.500444937	0.68579694	0.350700402
66	2.97	29.26	5.86	3.78	14642.81975	21.0312	1374.964992	749.9133389	1563.836872	882.3930739	263.1014093	17.83738368	263.1014093	47.3805504	1871.160129	679.3070285	4	0.23655	0.80427	3.154	0.59	7.348670006	155.7763977	11.90278339	33.3966217	10.46103382	105.774518	74.06163033	70.38555511	0.259572792	0.696743453	0.602870631
67	43.96	26.38	153.63	139.67	647.6270918	6.71	79.84087258	177.5191288	79.53429254	208.2050029	11.3899127	26.30085062	7.33934016	17.35428787	207.0437149	302.1113958	1	0.135622	2.390732	2.61782	0.73	12.52943802	117.905983	20.55656624	9.268592834	14.58720493	92.66885561	23.05780193	49.76173059	0.240541315	0.344511712	0.63754437
68	3.93	34.61	8.88	1.26	5961.216465	10.67	411.4211126	672.1442041	192.3278734	518.6869626	247.7538271	194.0001281	273.8688716	265.1081149	1195.922253	272.3266812	3	0.160854	0.902044	2.39704	0.68	14.20525837	118.6762085	8.671541214	26.48429108	13.7016449	124.4112893	154.6769225	111.0617373	0.812600994	0.883476116	0.752976012
69	3.08	23.19	6.68	1.42	8839.724256	15.49	210.6585722	433.3648107	267.4771425	405.168738	275.7362227	422.5230259	221.2950413	457.0829568	2111.574616	533.6443521	2	0.17347	0.495178	2.39704	0.56	10.4892292	163.355011	9.723844528	27.98988342	11.46493912	67.90011073	38.41616291	67.23685654	0.909438199	0.538062298	0.074992883
71	16.04	27.75	48.28	36.04	9518.380963	4.88	360.6124401	0	0	714.9817958	0	463.0287514	0	0	9518.380963	191.7518746	1	1.5432	0.968278	2.39704	0.68	7.501285553	137.4154053	19.05972862	16.11630058	11.23005295	92.89001364	14.01352899	45.16203908	0.345862961	0.071250902	0.618935275
72	5.72	17.27	13.85	10.7	5975.709339	8.8392	813.8770819	429.52327	865.8749134	389.2312215	212.7758325	120.3326626	178.8569326	114.5448032	1678.516385	533.9509321	3	0.233396	0.517256	1.07236	0.3	14.44632053	108.8792572	11.41118813	15.54799461	12.52671051	131.2454101	83.69011754	47.99286693	0.443808413	0.570843232	0.300151372
73	0.18	27.63	0.22	0.04	4394.685404	19.17192	347.225112	151.8128577	379.0722741	283.5772393	99.32264006	462.2297852	114.3915132	453.8406407	674.4110383	0	5	0.176624	0.217626	0.75696	0.39	9.442316055	113.1609802	20.16158485	28.79167557	13.79576874	63.44667982	49.76248673	80.80903534	0.562581348	0.204417002	0.959573483
74	4.6	19.67	8.9	6.94	8687.177464	33.528	1540.323113	950.6303568	1646.139675	1135.906889	42.7353984	48.21667776	47.3805504	26.9418816	1170.987077	383.6431037	4	0.22078	0.545642	3.65864	0.76	11.09846497	140.4113464	12.36127377	14.14507675	11.37359142	109.1214946	105.8347003	52.45237602	0.878482857	0.394124043	0.047022271
75	7.84	19.99	21.34	10.06	5388.37632	5	791.5339008	746.6617325	791.5339008	775.647481	0	28.98574848	0	0	5388.37632	0	1	0.561412	0.48887	3.65864	0.76	12.84329319	145.3611755	15.49322414	6.165691376	14.72642803	58.71963353	128.1662856	42.58430237	0.889199406	0.515416014	0.273806071
76	1.94	30.63	3.52	0.3	8204.731978	15.5448	568.8917654	771.8012951	427.0009524	469.2253841	103.5404381	175.6146165	98.21709389	166.1292161	1344.585698	474.0842131	4	0.592952	0.826348	1.54546	0.73	14.00279045	169.6651459	20.98865128	18.63953018	12.93478298	138.9233766	59.13080891	127.392103	0.923007226	0.356049263	0.423634839
77	0.17	22.5	0.27	0.16	11779.08354	14.3256	383.6338134	621.2519188	406.9524764	837.6695505	307.100289	659.8066804	134.8859238	681.2394117	2215.979052	1511.532461	3	0.138776	0.164008	1.98702	0.43	12.62853241	126.745491	6.492633343	30.04986954	12.4277935	110.525623	86.45929383	65.21146168	0.231153011	0.456709826	0.89032011
78	2.4	31.1	4.55	0.58	6693.571129	18.5928	1080.991903	430.4383649	1006.753083	424.1023776	219.8457539	11.03688115	231.8488266	6.373148544	1044.276621	433.9315192	4	0.18924	0.987202	3.504094	0.73	14.0758028	149.1357727	19.87974548	21.54600143	10.9676075	130.9039383	96.95827025	101.13152	0.600047255	0.925941943	0.078430092
79	3.18	25.07	6.16	2.95	11182.83183	14.6304	742.1745156	889.2864795	759.2965459	753.3414611	300.1604319	347.2158217	204.386688	347.2158217	1821.549905	457.7239878	4	0.59926	0.451022	3.28016	0.73	10.33172417	148.3246613	21.01967621	7.411981583	12.88375282	85.51479849	75.1734666	118.0348633	0.461326599	0.044413759	0.89799335
80	2.02	19.3	3.65	1.78	1185.164081	4.8768	249.1659533	112.951516	249.7419521	112.951516	42.08507712	11.53855757	40.30133875	11.53855757	297.4755341	0	4	0.192394	0.214472	1.98702	0.62	11.09337902	117.0996017	13.29285812	28.03538704	10.5575161	105.027383	56.21354131	41.48353313	0.704749346	0.572786057	0.140026021
81	6.36	13.79	14.09	15.43	8529.985521	15.02664	566.0117712	938.0512852	959.1170495	786.8841036	197.9485073	219.1211101	167.7596645	205.3110732	1841.709865	646.3729008	4	0.135622	1.173288	3.504094	0.73	9.595935822	94.39067078	8.856090546	15.37605476	12.15631676	21.83896447	35.16359743	49.51913116	0.108583814	0.550884974	0.579801536
82	5.44	28.3	11.68	5.46	3928.21924	15.3924	359.9621188	592.8050079	685.0019848	537.8342792	348.1634327	47.25977645	33.76096474	0	643.0191011	354.6016134	4	0.164008	0.29963	3.65864	0.76	9.190774918	152.6142426	17.65816498	10.93483734	10.61808109	145.068197	61.79895124	86.62248996	0.894061404	0.158875878	0.849712396
83	8.64	15.97	21.32	23.03	4613.657869	10.3632	409.0520851	377.7530509	329.8150823	498.7964218	129.3396123	178.4295786	179.9253176	26.26368941	1247.362667	454.9647675	4	0.428944	0.690726	1.95548	0.63	11.67360973	137.5167694	3.205491066	16.2223587	13.88562107	89.37258216	56.11604623	30.93850143	0.122963288	0.556305373	0.328091121
84	2.3	32.34	3.91	1.59	1797.85963	8.5344	197.9020558	247.8374398	162.9054806	224.2772289	37.64431181	55.23085728	34.73644666	71.83263053	412.5916909	221.4808474	5	1.343604	0.753806	3.28016	0.86	12.36261749	150.5185547	14.07771778	15.72775269	11.39100361	67.44696587	129.4552435	120.2885655	0.92222645	0.443709862	0.331356168
85	4.56	25.71	8.62	7.19	11322.18639	15.24	1033.732126	679.8179952	601.0362173	192.2628413	207.2666822	492.4325635	246.4717651	210.0537734	2292.568318	581.5730304	5	0.296476	0.82004	3.65864	0.65	10.92656136	153.5574493	16.1933651	22.38742065	11.78992844	121.6390817	64.16731232	53.45561851	0.627195263	0.547098696	0.242136931
86	0.24	19.98	0.32	0.03	23701.14486	17.3736	2791.782804	1677.735999	2212.439446	1577.493619	400.64436	162.8590291	388.1953526	170.1983693	5570.930794	3709.897096	4	0.050464	0.208164	2.64936	0.64	10.96291161	136.432663	14.82544136	25.5537796	11.94610596	65.69079584	45.88965582	84.7581551	0.662465239	0.561650097	0.637398744
87	8.67	24.9	22.5	16.85	1638.34511	7.9248	191.8726485	214.2901521	219.7435605	186.5771752	27.27633254	26.22652819	36.31579834	49.10854694	351.656587	290.8701279	3	1.059744	0.753806	3.28016	0.86	8.32598114	126.6484604	10.36707497	21.46401024	12.16562653	69.15769786	142.1745022	34.913037	0.076031303	0.641721976	0.466567874
88	11.86	26.31	29.72	23.67	367.9889414	3.9624	67.09457549	126.2645217	67.09457549	126.2645217	10.28436653	16.7225472	10.28436653	16.7225472	159.6910355	0	4	0.3154	0.927276	3.28016	0.73	13.20503712	131.7579346	15.84713554	6.208814621	12.68133926	67.52758287	82.49262913	104.7072071	0.376774263	0.341476929	0.329656529
89	15.42	29.43	38.71	36.59	9370.38642	10.3632	1186.901368	859.0279594	603.8047279	859.0279594	386.4766464	163.7508983	487.5923151	163.7508983	4259.567223	0	5	0.211318	1.315218	3.18554	0.89	6.952436447	104.2067795	3.195860386	21.2011528	11.3872261	140.4419079	43.12428688	68.05870308	0.731228352	0.092020206	0.555387855
90	1.6	13.74	2.91	1.78	3258.109613	9.4488	154.6185295	264.3556003	266.8546921	128.0018085	177.6491931	10.73959142	64.62335462	141.3241044	895.7896923	503.5809283	3	0.138776	0.09462	1.577	0.58	13.66174698	108.6769943	6.26047802	11.14500809	12.82277584	68.39438486	48.96348141	72.56613468	0.93396284	0.409459889	0.779320931
91	2.76	40.75	6.31	0.1	2544.42846	3.048	247.2149894	545.712457	100.7997984	545.712457	69.67728	0	175.3080365	0	2133.889926	0	2	0.233396	0.233396	1.86086	1	7.495869637	151.9306641	19.57083511	34.50412369	13.40736294	72.1605451	75.96268777	122.6810752	0.765949059	0.850661528	0.47197578
92	9.97	33.4	24.11	13.72	1322.753484	6.7056	286.5129754	226.2189024	199.2770208	12.05881459	35.48896128	0	50.81796288	12.44900736	1263.109732	74.97275328	4	0.277552	0.697034	2.39704	0.68	6.765169144	125.1537018	15.85501766	16.47076035	12.92461681	107.7191623	90.95065105	120.1624706	0.668896341	0.930797908	0.316958356
93	2.95	35.54	7.08	0.68	6251.259756	14.3256	239.7734559	954.5415748	273.971065	564.172291	267.7094001	356.7012221	244.2606728	726.1673219	1603.041955	0	1	0.145084	0.198702	1.018742	0.76	12.75559616	128.7995911	6.30498457	34.43444443	12.2567997	120.6829584	61.34036988	80.02238334	0.656977749	0.736266863	0.289085555
95	1.7	32.59	3.53	0.07	9693.874806	19.812	1612.05355	1966.292842	1612.05355	1966.292842	461.5423027	461.5423027	461.5423027	461.5423027	1133.138379	178.3738368	2	0.23655	0.211318	3.65864	0.65	9.306808472	99.9331665	10.59218216	25.95071793	12.36918449	19.26068497	101.143748	141.6135943	0.165654707	0.549347317	0.682510209
96	2.05	24.81	3.64	1.05	2731.906794	5.21208	217.5789197	200.8749531	164.1596717	200.8749531	38.57334221	62.03135981	0	62.03135981	860.087054	0	4	0.545642	1.1039	3.18554	0.89	14.14030647	92.0743103	12.6331749	29.20988655	14.54442406	73.32750458	53.94623706	89.13143905	0.955272815	0.86733333	0.738846087
97	2.67	31.71	5.08	0.85	28884.94868	76.5048	1701.351952	2679.128577	2192.678969	2583.391994	2583.057544	615.0274151	2091.730526	710.7639978	1283.446207	0	3	0.318554	0.460484	1.841936	0.58	10.93754482	127.5417633	16.10527039	26.00577736	11.86693001	83.13929526	105.5306915	88.53888897	0.855149555	0.076536006	0.575292897
98	2.09	28.32	3.98	0.93	5667.364149	11.1252	211.5402221	588.9123706	448.5358771	459.0339206	175.5867456	190.6370381	69.67728	260.8717363	1685.911467	575.2556237	4	0.132468	0.198702	3.65864	0.65	14.16806793	162.296814	9.712142944	17.20447731	11.95724678	130.7130379	70.51847581	132.8919099	0.567724705	0.699533808	0.512761283
99	0	29.32	0	0	13974.75399	17.2212	1367.542039	1328.671407	790.3447419	1275.252159	177.8071283	239.1602959	101.9889573	102.1283119	2110.757069	960.5245306	5	0.132468	0.419482	2.39704	0.56	14.66763115	163.2871094	13.19946003	30.71308899	10.95642567	58.4398007	72.17699307	139.0911125	0.165741873	0.178968632	0.603997827
100	5.81	39.22	12.27	6.14	25743.8969	58.5216	3001.362771	1721.855653	2997.275038	1686.951981	1095.308261	665.6874428	1179.348351	629.7897082	1144.602614	0	4	0.264936	1.577	2.718748	0.76	12.9663229	118.2903519	14.12050343	31.94848633	13.76040363	134.3520073	62.38855504	130.0820921	0.503263283	0.87973448	0.925459325
101	10.64	18.17	26.96	27.53	19632.73493	42.3672	1940.605151	2143.087327	2005.219215	2246.599894	540.0639521	1767.29453	480.7174902	1014.779906	1144.602614	0	3	0.264936	1.577	2.718748	0.76	14.3666954	158.2580872	4.351799965	6.806053162	10.5043726	26.47927748	12.86053901	59.50617031	0.194265985	0.141797313	0.586691403
102	0	18.47	0	0	6632.533832	13.716	540.2311776	725.1360981	523.9359844	445.5815604	280.6229226	208.6602278	178.4574495	143.7117126	1576.880459	376.4431181	4	0.271244	0.154546	0.9462	0.661	12.77188683	162.1594086	21.35874367	7.128440857	14.29715729	18.80321313	78.1187693	104.869031	0.126750469	0.965556006	0.495946288
103	2.59	14.23	4.54	4.46	9465.054618	13.716	731.6764721	1233.139211	731.6764721	1182.126152	68.37663744	113.806224	68.37663744	128.04826	1943.866048	584.9175398	4	0.208164	0.3154	3.65864	0.76	8.263742447	104.3247757	4.21121788	8.674314499	10.20559311	61.0369964	87.06009167	119.2184933	0.61586566	0.645980084	0.350815034
104	0.55	38.27	0.95	0.01	5432.783973	22.5552	947.1650734	229.6563149	730.9332478	159.8025191	185.2672424	380.1871106	256.3473583	486.6539944	832.5413027	423.8236685	3	0.18924	0.129314	1.51392	0.48	13.43095016	154.2897186	15.349226	31.58711052	10.48889542	103.1215749	112.9366296	107.7376568	0.75703392	0.42018038	0.092986298
105	0	28.67	0	0	4107.522108	7.0104	192.5322601	338.7244838	208.1957126	332.4813996	291.6	244.8	0	163.2	1032.33858	447.2352346	5	0.507890512	0.635246825	0.5	0.8091	12.44715214	169.1385803	11.09851265	13.36377525	11.08303833	34.84045268	100.217797	161.7767886	0.379076052	0.204102814	0.976497227
106	0.48	24.04	0.73	0.9	14648.02232	18.288	817.8254611	1809.193801	681.4437984	1980.785716	72.74308032	293.2019942	45.15087744	200.3918573	3285.330204	0	4	0.198702	0.119852	2.39704	0.68	7.899080753	108.3482819	15.93619061	34.32352066	14.33512878	57.60191876	105.0820396	57.23539486	0.149642101	0.214214671	0.803592831
107	0.21	31.59	0.33	0	17437.15738	9.4488	1232.544632	721.9959754	1108.42617	818.8752655	588.2620493	185.2951133	456.0610234	147.5021566	4856.041901	0	4	0.107236	0.154546	2.39704	0.68	11.36467743	111.1320953	16.50636292	25.57658005	12.98778057	94.77366861	117.0781851	118.9962124	0.716807318	0.298037922	0.429993081
108	0.01	14.67	0.01	0	21739.12555	25.2984	2201.606952	2230.137475	2249.164018	2420.35645	376.3687956	293.2205748	230.7525708	308.5309958	1525.365723	735.5412386	4	0.23655	0.18924	1.98702	0.43	13.74121952	146.2833405	12.38574886	9.492946625	10.41349316	34.17450701	110.969838	93.4406195	0.18808575	0.82477423	0.403543925
109	1.61	37.09	2.79	0.06	21739.12555	25.2984	2192.493163	1817.666558	1879.911595	733.5438232	277.7336381	323.6649011	419.958902	138.2768847	3020.398604	1337.376422	4	0.387942	0.116698	1.98702	0.52	7.323446274	134.5191956	14.59931469	32.67113113	12.09902096	108.7640933	61.70731648	133.8575051	0.896344614	0.27592994	0.895980716
110	3.34	27.52	7.15	1.84	3222.713555	6.096	150.5029248	278.9878291	133.427346	196.5085102	21.09828038	74.60114112	52.87112006	104.20934	1000.955934	558.1150128	3	0.526718	1.248984	3.28016	0.73	14.6316824	93.32439423	10.88589096	31.40690994	13.37975121	59.09343739	36.9464079	112.8705614	0.792763424	0.06332736	0.418969131
111	4.06	33.49	8.34	1.95	12587.15418	10.8204	564.2466134	443.0453075	586.3761176	363.7061113	83.71492934	85.45221619	170.1054662	107.6188815	4092.443944	2149.153895	4	0.085158	0.274398	2.39704	0.68	6.989964485	124.2949982	11.71379852	19.66207504	13.4240818	115.8915642	148.6926458	133.1557228	0.930594212	0.91541822	0.448563218
112	19.73	28.53	54.88	40.8	1110.934552	7.0104	153.5594348	361.2720516	136.084373	424.724828	19.16589715	63.45277632	16.9455145	0	399.9197163	335.398555	4	0.135622	1.791472	1.54546	0.73	9.854162216	152.9821777	6.046478271	29.53318214	10.4677906	37.28464102	32.92357866	78.89715546	0.326208496	0.083413638	0.173086578
113	5.07	29.81	9.79	6.15	10295.51489	16.9164	749.0493406	656.9266861	716.9327597	792.5279633	170.3191432	232.6199219	135.4526323	89.95801363	2252.341302	510.2234957	5	0.23655	0.277552	1.98702	0.52	7.890109062	141.2358704	16.85811234	14.2203083	13.29841423	132.7445349	76.03224546	121.42286	0.898794934	0.120974751	0.459583211
114	15.51	30.97	39.13	34.36	2742.126129	7.9248	248.2555035	419.1785165	231.8766975	440.3604096	41.5834007	104.7946291	57.96220666	83.612736	1160.98142	403.2363548	5	0.135622	2.046946	2.61782	0.73	9.80172348	142.0486755	9.399250031	13.49579048	13.98962212	101.9369525	136.139862	93.06272444	0.226313114	0.63079983	0.098741448
115	1.73	20.61	2.94	1.45	14636.50234	10.8204	1787.603134	948.4006838	1127.935809	1028.854716	406.8409928	187.3389802	256.8954862	246.5275069	3995.917686	780.2368911	4	0.485716	0.542488	3.65864	0.76	11.90913582	106.8994446	13.21243382	11.67298126	11.88559055	61.29066961	109.3772586	92.6576157	0.870126101	0.697917759	0.213556695
116	0	31.16	0	0	9746.736636	16.1544	661.0051296	1072.913983	456.4326355	829.6241472	0	420.0378696	204.5724941	329.5270829	1521.565989	583.1523821	4	0.132468	0.201856	4.150664	0.56	13.4768095	165.5971375	20.89782143	28.07500458	13.83538151	39.57601293	108.873137	107.034549	0.168174934	0.317030776	0.15913589
117	3.84	22.77	8.53	2.56	5920.246224	8.5344	713.2630896	196.6478648	763.820924	205.8173948	245.6356378	7.52514624	236.7169459	10.03352832	1324.79735	415.31375	3	0.387942	0.668648	3.65864	0.76	11.79167175	118.6245575	5.628811836	20.00349426	10.6773119	98.81497682	54.91844711	114.381528	0.731382227	0.830582726	0.253550076
118	1.87	19.13	3.47	2.47	20709.75987	23.1648	1481.682714	1028.696781	1161.510967	1481.320392	866.8968468	452.6236109	588.7079839	0	3733.958984	1229.943347	3	0.135622	1.271062	1.54546	0.73	12.99123573	121.9820557	19.41767693	18.20735168	14.97333145	42.03451017	95.5463028	29.42468122	0.211266613	0.949523698	0.314404082
119	9.25	31.26	22.24	15.52	9501.008095	13.1064	1319.854909	466.837776	625.4232653	513.8281336	694.6546107	125.326201	1073.494627	124.137042	2018.50435	751.3068845	4	0.391096	1.11967	3.154	0.59	13.64172268	134.5313416	11.13117409	14.85149193	14.99340057	126.9348409	106.3685628	130.1583966	0.432352018	0.839553298	0.905107266
120	8.33	28.39	19.58	13.94	10710.88438	7.62	1082.088158	1084.26209	899.1342017	868.7734883	223.6640688	170.4863687	317.8027192	244.9481553	3430.537655	0	4	1.87663	0.807424	3.65864	0.76	7.066192627	107.83918	10.25618172	23.98560143	14.94985962	45.51977743	98.05052669	82.42484878	0.149435806	0.907400444	0.224528384
121	6.59	25.75	14.67	10.22	6328.09057	12.192	613.6245792	1113.164225	557.6597879	1025.798206	35.82341222	87.14305152	35.0801879	174.5369412	1727.26261	0	4	1.343604	0.548796	3.65864	0.76	14.4226656	108.5211639	11.41531944	14.51287651	11.48180771	146.993503	144.2090623	69.50844063	0.844887552	0.947677119	0.043261671
122	8.16	22.32	18.44	15.37	12085.66357	21.6408	1703.655948	1041.108627	1351.767103	969.3596097	318.4716211	257.5643881	104.0792757	217.5975003	1237.245526	0	4	0.12616	2.28665	3.504094	0.86	14.53224754	103.0854874	15.63257504	15.65878105	11.38947678	78.13611158	92.92231644	49.42552472	0.46090517	0.580539286	0.588104224
